0.074458 0.069548
0.168007 0.192038
0.598517 0.622985
0.154370 0.157055
0.575573 0.538408
2.534428 2.804981
1.195765 0.605458
4.224246 1.242692
5.837627 3.109662
2.420895 1.454778
10.614871 6.786268
32.324561 14.730853
0.043831 0.056836
0.183743 0.127518
0.399976 0.452855
0.294685 0.337260
1.047186 0.839918
4.811956 3.911132
0.987409 0.349354
0.434882 0.515770
1.578768 1.837037
1.813542 1.292518
3.564890 3.391317
25.372440 18.860638
0.027471 0.046556
0.180467 0.190374
0.449060 0.584329
0.250367 0.234532
1.080853 1.070430
5.756058 5.294855
1.056150 0.322204
1.276435 1.307344
9.874543 4.332222
1.702708 1.334713
12.945824 4.473461
32.859966 20.421943
0.058419 0.047994
0.235168 0.176951
0.659445 0.650893
0.256382 0.253294
1.054574 0.975928
5.324304 9.143926
0.243019 0.227427
1.800368 1.194777
3.238350 4.085263
3.293203 1.023013
10.366401 4.781123
42.299053 19.445509
0.073626 0.044639
0.243173 0.118340
0.562157 0.727802
0.306368 0.355133
1.107679 0.960678
6.901231 6.417572
0.360633 0.536017
1.024759 1.356169
3.060862 2.684551
0.837279 0.884153
6.103056 3.881246
23.787140 13.419718
0.001285 0.052333
0.136586 0.126428
0.498901 0.574628
0.287631 0.305252
1.117009 1.166963
6.648120 5.576990
0.300055 0.296863
1.006355 0.936377
6.579962 2.873300
1.184974 1.504745
11.737460 4.369258
21.830483 19.134911
0.054445 0.046860
0.167691 0.203101
0.461270 0.422243
0.268393 0.302757
1.137562 1.098378
5.467967 3.100041
0.151889 0.218643
0.560922 0.849576
2.120515 2.240361
0.693526 0.676569
2.394243 2.354185
15.480337 11.972558
0.051798 0.079121
0.214884 0.135058
0.395972 0.518232
0.268105 0.235786
0.815155 0.747380
4.315958 2.824378
0.216988 0.214961
0.490857 0.463878
1.751912 2.123678
0.605429 0.703659
2.745816 3.831779
16.398368 9.895323
0.015946 0.061427
0.133566 0.139097
0.393194 0.417849
0.212662 0.231269
0.771419 0.828796
4.246315 3.243416
0.188059 0.209720
0.463657 0.604809
1.624891 1.850022
0.800000 0.847298
3.103589 2.266687
15.210792 9.015768
0.031597 0.067150
0.114206 0.128589
0.390673 0.359645
0.251426 0.275719
0.717492 0.797593
4.478334 5.938951
0.145289 0.272930
0.511495 0.582551
2.071956 2.143926
0.895160 0.674391
2.334612 3.210024
12.129560 12.749238
