0.026975 0.052075
0.152261 0.145493
0.296260 0.285577
0.159064 0.106949
0.742864 0.574033
1.469551 1.560671
0.128794 0.156199
0.527917 0.475054
0.876255 0.755133
4.334777 2.722693
11.077339 15.830867
32.528658 30.294258
0.016568 0.054598
0.180980 0.154674
0.275965 0.249057
0.145636 0.154896
0.757703 0.552947
1.428128 1.432418
0.179901 0.099309
0.351558 0.442658
0.904262 0.751741
3.890441 1.907225
11.945436 12.190797
31.315828 32.047498
0.023065 0.054798
0.187262 0.163870
0.323211 0.330163
0.132183 0.155751
0.741486 0.541878
1.465045 1.459459
0.122682 0.154775
0.607663 0.378042
0.818957 0.853135
3.829925 2.231052
12.109543 12.616769
32.113721 35.735317
0.062084 0.041546
0.174160 0.150762
0.212907 0.186461
0.133621 0.134394
0.806777 0.537198
1.382266 1.455914
0.108506 0.107367
0.350296 0.379164
0.831367 0.762254
2.870631 3.528365
12.156545 10.317811
31.735501 30.479342
0.021925 0.047186
0.105249 0.109837
0.215202 0.212158
0.152728 0.103474
0.674500 0.553323
1.465426 1.408078
0.097287 0.084940
0.352323 0.334608
0.758780 0.666446
4.827350 2.993751
11.809855 13.785822
32.508049 29.452902
0.000917 0.013867
0.031674 0.027629
0.090927 0.065634
0.165629 0.310396
0.728889 0.496826
1.226399 1.133428
0.204992 0.229021
0.443873 0.301543
0.757760 0.572706
6.150867 4.712059
11.799778 14.720415
34.421842 31.495862
0.005763 0.016262
0.038599 0.013059
0.051820 0.048739
0.208378 0.190068
0.645812 0.484569
1.165600 1.146099
0.093729 0.214089
0.318638 0.281793
0.637140 0.433627
7.290407 4.479854
13.055452 11.937527
35.677289 33.207700
0.000917 0.013867
0.031674 0.027629
0.090927 0.065634
0.165629 0.310396
0.728889 0.496826
1.226399 1.133428
0.204992 0.229021
0.443873 0.301543
0.757760 0.572706
6.150867 4.712059
11.799778 14.720415
34.421842 31.495862
0.016568 0.054598
0.180980 0.154674
0.275965 0.249057
0.145636 0.154896
0.757703 0.552947
1.428128 1.432418
0.179901 0.099309
0.351558 0.442658
0.904262 0.751741
3.890441 1.907225
11.945436 12.190797
31.315828 32.047498
0.026975 0.052075
0.152261 0.145493
0.296260 0.285577
0.159064 0.106949
0.742864 0.574033
1.469551 1.560671
0.128794 0.156199
0.527917 0.475054
0.876255 0.755133
4.334777 2.722693
11.077339 15.830867
32.528658 30.294258
