0.004786 0.008464
0.039755 0.024031
0.073821 0.054541
0.066726 0.101883
0.150093 0.177882
0.896238 0.446444
0.086179 0.079484
0.116684 0.085670
0.585630 0.348578
0.251882 0.361031
0.509469 0.571790
1.537115 1.133379
0.016756 0.006925
0.040593 0.012620
0.064078 0.053722
0.058394 0.095989
0.134529 0.156611
0.913715 0.329917
0.123219 0.103361
0.185117 0.089768
0.927760 0.282085
0.235984 0.296192
0.473957 0.501321
1.404465 1.073989
0.017031 0.019239
0.041011 0.023796
0.087088 0.060944
0.065681 0.124224
0.168947 0.162789
1.214735 0.433694
0.100244 0.077298
0.185699 0.084519
0.625000 0.232878
0.280042 0.278088
0.510735 0.483210
1.389723 1.324467
0.013174 0.008168
0.035387 0.022088
0.065999 0.065560
0.059886 0.106778
0.159173 0.178983
0.865011 0.393657
0.134365 0.079418
0.153247 0.115642
0.876732 0.359540
0.440223 0.407174
0.895191 0.643193
1.771218 1.314436
0.029585 0.064419
0.092236 0.065224
0.244256 0.136287
0.122856 0.159871
0.256025 0.281649
1.517539 0.571287
0.278627 0.128843
0.397549 0.221199
1.155375 0.639756
0.348521 0.546548
0.618972 0.712015
2.050118 1.204401
0.011879 0.019047
0.035731 0.032704
0.112391 0.073531
0.085850 0.144916
0.259903 0.311989
1.733502 0.602403
0.119978 0.077778
0.272393 0.134138
1.616935 0.789452
0.208945 0.328791
0.484756 0.457610
1.879516 1.153374
0.003232 0.014781
0.113566 0.030858
0.177032 0.095543
0.097627 0.137930
0.198447 0.214944
1.015252 0.507742
0.377559 0.248135
0.431914 0.094416
1.682618 1.272265
0.312691 0.505570
1.265436 0.545009
2.527889 1.074467
0.000880 0.022881
0.058720 0.024276
0.279137 0.055161
0.074393 0.159175
0.194100 0.209465
1.251212 0.432430
0.090314 0.060563
0.141646 0.254472
0.650102 0.298553
0.456296 0.365788
0.570193 0.560013
1.682734 1.462791
0.009462 0.002197
0.132355 0.028574
0.181060 0.096995
0.088672 0.179469
0.216558 0.280015
1.562805 0.586507
0.233154 0.134960
0.408584 0.322780
2.019066 0.785412
0.408600 0.321560
0.671621 0.481625
1.943036 1.180995
0.000721 0.005689
0.042715 0.013741
0.094929 0.078463
0.059982 0.126393
0.178205 0.233880
0.958047 0.497655
0.128384 0.066342
0.261715 0.073505
0.648526 0.221639
0.258376 0.339620
0.499683 0.570915
1.364992 1.142896
