0.031514 0.049559
0.081115 0.054492
0.191017 0.119072
0.148651 0.154410
0.256817 0.152817
0.816081 0.533510
0.126237 0.098621
0.157044 0.143707
0.621452 0.394512
0.359006 0.362815
0.691149 0.643424
2.526212 1.720812
0.023682 0.037609
0.064038 0.068720
0.206167 0.133588
0.183981 0.144949
0.391536 0.232945
1.033981 0.522963
0.226618 0.224649
0.579344 0.524643
2.338033 0.654947
0.504770 0.411451
1.020214 0.708613
8.577942 3.777966
0.019870 0.083365
0.069236 0.088467
0.247940 0.172520
0.183426 0.163612
0.380944 0.291099
1.024876 0.665809
0.142787 0.340962
4.324179 0.429144
2.593407 0.744782
0.463009 0.416290
1.098487 0.760961
14.936470 2.165855
0.038055 0.045628
0.058326 0.047466
0.254990 0.131710
0.239994 0.171895
0.462578 0.313728
1.049077 0.527596
0.108943 0.119735
0.234403 0.194444
5.765787 0.612321
0.398339 0.430371
0.831446 0.632012
2.863448 1.707771
0.048972 0.086279
0.126151 0.103812
0.383025 0.298162
0.199648 0.160943
0.391435 0.313453
1.564695 0.715422
0.169531 0.154793
0.795381 0.747602
1.413996 1.321284
0.565566 0.858431
1.494535 0.720822
2.519342 1.438553
0.054754 0.043181
0.118734 0.112108
0.357247 0.292549
0.227675 0.180399
0.505409 0.301469
1.774627 0.700697
0.338993 0.144459
0.198458 0.194232
0.897413 0.646557
0.322246 0.358221
1.052852 0.987553
4.108631 2.917150
0.022255 0.037746
0.095615 0.085794
0.347792 0.168977
0.182129 0.163314
0.403516 0.270672
1.179060 0.553539
0.230258 0.100897
0.913938 0.521640
3.364311 0.514222
0.671977 0.499720
1.789630 0.765617
3.822039 1.271209
0.007251 0.009262
0.027995 0.022993
0.102097 0.064425
0.195977 0.100869
0.384813 0.247167
1.033349 0.687164
0.132552 0.088302
0.351638 0.265799
0.828532 0.240014
0.327391 0.334373
0.649281 0.495230
2.004849 1.213884
0.030535 0.007091
0.035860 0.012447
0.120279 0.120447
0.128889 0.103199
0.270810 0.192072
0.810100 0.451611
0.121521 0.091627
0.237316 0.130955
0.707508 0.321279
0.390562 0.401574
0.903443 0.676083
3.287744 1.429734
0.046423 0.014062
0.061008 0.037608
0.281714 0.354167
0.225301 0.175799
0.504836 0.305321
1.901685 0.870640
0.341550 0.151597
0.233793 0.174482
1.732775 0.488591
0.432772 0.501572
1.035545 0.809581
3.729222 2.384886
