0.257268
0.027395
0.015734

0.261034
0.028318
0.015160

0.255734
0.027660
0.014965

0.261880
0.028679
0.015259

0.259335
0.028916
0.016031

0.499149
0.042094
0.016806

0.499637
0.042527
0.017230

0.489625
0.042930
0.016581

0.488661
0.042890
0.016728

0.501023
0.042177
0.016996

0.951311
0.072509
0.021572

0.948902
0.072108
0.021473

0.978570
0.080561
0.020137

0.953909
0.070611
0.021082

0.953738
0.071003
0.021155

1.879420
0.133775
0.031062

1.887213
0.134289
0.032541

1.927209
0.155066
0.032598

1.890712
0.139775
0.032519

1.918483
0.135564
0.031551

3.831917
0.292937
0.087723

3.745576
0.280648
0.081404

3.733231
0.285942
0.084060

3.752316
0.281036
0.082534

3.764780
0.287519
0.084236

7.629284
0.760026
0.313496

7.553027
0.690831
0.282878

7.450825
0.740562
0.298069

7.566947
0.740561
0.313086

7.552781
0.697444
0.287849

15.604429
2.036730
1.213655

15.481446
2.010556
1.268814

15.484338
2.012980
1.201157

15.557409
1.992146
1.254266

15.552433
2.024578
1.269693

