0.246265
0.023972
0.014926

0.242322
0.024449
0.014965

0.233658
0.024967
0.014058

0.241400
0.024580
0.014999

0.248575
0.026089
0.014501

0.457776
0.037512
0.015460

0.461865
0.039828
0.016020

0.473133
0.038098
0.016288

0.472172
0.039600
0.016221

0.460680
0.036666
0.015278

0.906847
0.064792
0.019807

0.917040
0.065790
0.024244

0.910709
0.061547
0.019775

0.879750
0.059560
0.019972

0.912205
0.063875
0.020144

1.797837
0.118947
0.034011

1.785270
0.116827
0.032343

1.729822
0.115355
0.030570

1.759753
0.119492
0.031271

1.753731
0.113253
0.032984

3.456594
0.233502
0.067392

3.406868
0.236740
0.074638

3.538449
0.241155
0.070468

3.491139
0.240112
0.073732

3.521048
0.257173
0.071805

7.065446
0.633868
0.287029

7.044114
0.602337
0.266887

7.041694
0.627799
0.299920

7.014663
0.595250
0.264575

7.023474
0.637795
0.280817

14.463682
1.866857
1.243253

14.384616
1.897670
1.189584

14.508280
1.873968
1.280850

15.384224
1.868578
1.183658

14.554339
1.936674
1.255453

