0.242754
0.020530
0.011706

0.246036
0.023075
0.009833

0.244533
0.021860
0.010091

0.237717
0.020312
0.010486

0.245969
0.021383
0.009925

0.480279
0.037621
0.012541

0.470956
0.034169
0.012397

0.450302
0.036281
0.012359

0.461638
0.038092
0.011873

0.464534
0.035256
0.012407

0.879436
0.064389
0.014194

0.980482
0.069425
0.013960

0.947168
0.070077
0.015192

0.929774
0.065007
0.014361

0.935561
0.069650
0.014066

1.798082
0.122234
0.024753

1.754017
0.116083
0.024378

1.757430
0.115174
0.024572

1.816300
0.124304
0.025396

1.789104
0.124310
0.024619

3.492833
0.263016
0.073216

3.565511
0.259823
0.072375

3.441284
0.268496
0.073814

3.430826
0.254695
0.073719

3.391173
0.260920
0.073777

6.860291
0.666128
0.319500

7.000124
0.716777
0.350384

8.031377
0.697492
0.321544

6.860737
0.660498
0.277082

6.858507
0.658204
0.276931

15.547046
2.042079
1.221381

14.182986
1.987590
1.245615

16.529687
2.054823
1.253838

14.168595
1.959078
1.218923

16.277753
1.954735
1.254870

