0.102188
0.008284
0.006389

0.105042
0.008113
0.005824

0.097845
0.008510
0.006740

0.100026
0.008552
0.006655

0.098794
0.008515
0.006448

0.195480
0.012316
0.010411

0.232990
0.011428
0.006969

0.216702
0.011139
0.006824

0.219289
0.012228
0.008449

0.225412
0.013372
0.009043

0.400465
0.020430
0.012711

0.414597
0.020610
0.012574

0.433568
0.022092
0.011726

0.435681
0.019717
0.011905

0.455503
0.019622
0.011702

0.817697
0.041686
0.023131

0.804202
0.042779
0.024101

0.833545
0.041742
0.022007

0.803145
0.045861
0.021077

0.837263
0.041009
0.023596

1.667063
0.103681
0.059864

1.677550
0.096697
0.064089

1.667280
0.094726
0.055696

1.703781
0.091807
0.054413

1.672044
0.091808
0.058331

3.630073
0.344147
0.325528

3.321285
0.306161
0.240113

3.433245
0.326693
0.257145

3.470987
0.351247
0.279115

3.334612
0.322242
0.257900

7.905496
1.402417
1.235426

7.437724
1.361765
1.173766

7.684442
1.329655
1.229317

7.297614
1.352002
1.181009

7.518348
1.365875
1.173254

